0.0187514657349,0.0573569622693
0.0665852241212,0.0485144712236
0.0638630820941,0.0194757276589
0.0452161450311,0.0314156181407
0.0195237573732,0.0320780216703
0.0609861865258,0.0549262580046
0.0396343712063,0.0139978641253
0.0537711166602,0.0675175112093
0.0191031268017,0.0488845956366
0.0392656859176,0.0414653849926
0.0145909949183,0.016143409552
0.0205677855825,0.0468042885512
0.0165999111711,0.0375009506487
0.037159175038,0.0232682452062
0.00653147509694,0.019870970843
0.0624171925752,0.067761324143
0.0534087477922,0.0671407086031
0.0647973561807,0.0114176612327
0.0673706558097,0.0261117453953
0.0528679590858,0.0620273189786
0.055632439047,0.0258890172848
0.00773925676722,0.0602176701695
0.0130803756555,0.0479028359502
0.067898235511,0.0394601647674
0.0548237102808,0.0679640232049
0.0194018598177,0.0570160279012
0.065252843988,0.0136826415333
0.0307116811866,0.0550051225823
0.0518586615771,0.0546011314501
0.0663948053268,0.0526582419898
0.0101466243534,0.0312322166322
0.0578883142024,0.0125218801396
0.0378520469919,0.0362648989995
0.0409377658754,0.0405975353504
0.0254316588634,0.0662291642159
0.0533898767523,0.046118568248
0.00363795524689,0.045704771019
0.002081236312,0.0200060414034
0.0362044419299,0.0455262169194
0.0536710362141,0.0423893971998
0.0509057123743,0.00197123953261
0.000923973737897,0.00579966003881
0.00246450230027,0.0623009657221
0.0374926308134,0.0237544890347
0.00516712568723,0.0637570658321
0.0256871935783,0.00471007432352
0.0569980593887,0.0365848689657
0.066079940226,0.0352202554557
0.0203505187916,0.00100506022385
0.0476000416843,0.0270175337421
0.0437884013463,0.0114876240315
0.0107063745789,0.061460996049
0.0553789782069,0.000673957329602
0.058454808813,0.0408646809376
0.0506134977274,0.0508259247202
0.0554853194341,0.0627201792521
0.0423256462038,0.0161435227631
0.0454257438509,0.0594592819311
0.0305850142364,0.0325350897846
0.0378720315075,0.0641149721161
0.0470558516864,0.0265218858585
0.0609106352971,0.0543963905038
0.0301022206313,0.0468281065348
0.0362102984672,0.00315623828523
0.0672799348181,0.0359116315798
0.0323465148812,0.021230666281
0.0192804470434,0.0483980628132
0.0302187401905,0.0444807934914
0.0534183870556,0.0194131339346
0.0517886234938,0.0577026216559
0.0447610560034,0.0394697673894
0.0226476624503,0.033797107798
0.0154324029946,0.0250691911635
0.00779109166464,0.00809496121623
0.00942711302221,0.016081974087
0.0467144899283,0.0445451716204
0.0374336200921,0.0359989388774
0.050636015565,0.0174180594085
0.0382517328861,0.0197037905912
0.0282125176951,0.0189320863243
0.0579239691741,0.00378928156366
0.0455361728026,0.0565806099551
0.0230058174101,0.048676159789
0.0390610690508,0.0454021967193
0.0161392893331,0.0656482077575
0.0600509288377,0.0128612580658
0.0130987398991,0.0268812534681
0.0500515153451,0.0340828085054
0.0281317806076,0.0387056599542
0.0304257448726,0.0451071337205
0.0308241891732,0.0600918592893
0.0313059820802,0.0500634447321
0.0532958359795,0.0342329860461
0.0319283631233,0.0209690604845
0.0192765897259,0.00506492355572
0.0566110247077,0.00849775905092
0.0313546935241,0.0633803456611
0.00572393118272,0.0358727232579
0.0183720533246,0.000900503358844
0.0475341811817,0.00409209895677
0.0285204773885,0.00820887951988
0.0429114640091,0.0512782875425
0.0638318418311,0.0520909780174
0.0604604301998,0.0198476607003
0.0468713999824,0.0113118503539
0.0154400867212,0.0455608756463
0.0385755291254,0.0213960737044
0.0283276587367,0.0654744433722
0.0590879654375,0.0547517885533
0.00844024343993,0.0152177799965
0.0250674766714,0.00469898083856
0.0643212511455,0.00326657835608
0.0167143231299,0.0319398421902
0.000358053410462,0.00269552511391
0.0445104182506,0.0137791955137
0.0278520262,0.0334346850321
0.058394334941,0.0422174884113
0.0411818722661,0.0121472032969
0.0208080185807,0.0529433342996
0.0524962352487,0.0562268863986
0.0527067837009,0.0453819537017
0.0515979695784,0.0194844244711
0.0024251662321,0.0554483207035
0.0422011674721,0.0313236011045
0.056477478588,0.015466212295
0.00814487524101,0.0502500307341
0.0589777953033,0.0453654754946
0.0619063488265,0.043408895587
0.0627704273101,0.00174890579616
0.00166247153574,0.044178438035
0.0259645155402,0.0644213750122
0.030834390991,0.0429975926674
0.0299157353389,0.0225910588787
0.0534644377457,0.0431407731801
0.0177030822962,0.0128610060449
0.0258603607231,0.0633704590764
0.0313490462814,0.0573190564187
0.0565258528253,0.0297081517496
0.00888569288583,0.0385675220017
0.00476118837621,0.0662856664943
0.0542235864129,0.00109074727222
0.0640327000182,0.0501169334156
0.0172251883335,0.0575971249478
0.0455517048437,0.0514183793649
0.0680917116675,0.0413729227513
0.0147478880097,0.0565549079396
0.0044943499432,0.000894969050701
0.0538995537323,0.0414049971673
0.0260800428551,0.0312791072688
0.00267127647113,0.0418335032221
0.00323566209101,0.0365604727707
0.0209447605524,0.00535653049886
0.0351217598391,0.0075181541154
0.038690938139,0.0626586907043
0.0344011606679,0.0108832913701
0.0587298230662,0.0523638587572
0.0304307011631,0.0312793728924
0.0121911893604,0.00748449808503
0.0239538218881,0.0645893988704
0.00825638945789,0.00304998419945
0.0428666208504,0.0042298744641
0.0576222633044,0.0200664530006
0.00585448148308,0.00541248598804
0.0615419717548,0.0680370706852
0.0234127703203,0.0134757403596
0.0373028993737,0.0101033518606
0.0631598465398,0.0360585680602
0.0647403336606,0.0667435166017
0.0643867780884,0.037667951244
0.0539277514732,0.0241091106661
0.0212251936149,0.0305881558936
0.00878542501037,0.00386817786543
0.00209686986288,0.0476740566911
0.0291426658691,0.027738359672
0.0405352175495,0.0519954338292
0.0498297757429,0.0196669819864
0.028431838387,0.0566148566957
0.0348417303821,0.0563893073235
0.0367501033211,0.00679239924944
0.0240704022124,0.043697647534
0.0417594449093,0.0402358780437
0.0186555709501,0.00478134544254
0.0563960781466,0.00759065031335
0.0551804889648,0.0680476872038
0.052638167558,0.00591699181657
0.0509415025877,0.00472036262354
0.0242102934035,0.0322673638987
0.0275531169343,0.0100941339078
0.0200165443503,0.0448889204856
0.0315663270537,0.0614027830886
0.047863987071,0.00835385042703
0.0112570581618,0.066150579429
0.0409631019562,0.00754518911315
0.0602916914155,0.0140442303137
0.04994823682,0.0599548376941
0.00147428437481,0.0129567156024
0.0634768648858,0.0509418842997
0.0590448834543,0.019994754038
0.0593476498645,0.0518540816683
0.0056325207211,0.0209399906153
0.0177855396445,0.0266453477526
0.000789453867076,0.0637529152937
0.0496494091463,0.0109410903321
0.0208959032783,0.0506636030252
0.031562323645,0.0601286706203
0.0445999057254,0.0417453003002
0.0568848666817,0.00348651520468
0.0229063642911,0.0404643574775
0.0186812176023,0.043744577659
0.0374548995115,0.013342387616
0.026398732718,0.0421601866553
0.0610674440997,0.0222201764835
0.0313034701561,0.0610957280781
0.0468575660085,0.0551201690593
0.0289205603821,0.02956274627
0.0219831712271,0.0650867468851
0.00711500149674,0.0664243865351
0.0176108255326,0.0669738362214
0.01386899644,0.0568073519696
0.0638091561313,0.0243398323207
0.0442000295026,0.0219140702426
0.0140895918535,0.0313997132935
0.0197776890363,0.0642451041761
0.0142795517985,0.0169809823003
0.0240810739518,0.0106303678978
0.0179746336493,0.0218207031559
0.0330371478871,0.0263975948398
0.035931327894,0.0114608539501
0.0573172535801,0.0560137626854
0.00939426597627,0.0048186288855
0.0316617782648,0.0556194604476
0.0406789684068,0.00454698038231
0.0393972274123,0.0297969088123
0.291634281895,0.162963226207
0.542900533744,0.426070037452
0.0058955693181,-0.036736319209
0.0197308726696,0.00612918053015
0.0155438196507,0.0335733687152
0.0313509778712,0.051105647338
0.0432007389536,0.0433375728321
0.0188103658064,0.038309249315
0.0244960613029,0.000587158488774
0.0535882567428,0.00272442828872
0.0047612423165,0.0517844579862
0.0583467400715,0.0427413982877
0.29379219445,0.197694203087
0.306920877389,0.236743591267
-0.020375409375,-0.0056846841538
0.281589078939,0.222712547433
-0.142291158586,-0.0653313493613
0.0146515427127,0.0264311151564
0.0616118962495,0.030126528185
0.0621582728911,0.014452321249
0.0133199250873,0.0187732418746
0.0469257150293,0.0402276972602
0.317163867076,0.232360171579
0.0273054743282,0.0383951008704
0.0451622385791,0.0234207881356
0.00485899473632,0.0463525917727
0.0558457082332,0.0678980331873
-0.0385716044826,0.0340306904192
0.0460581338261,0.0113385839218
0.0057242970492,0.0086565892519
0.055345816919,0.0136210336156
0.0439385959518,0.0570902635298
0.0312419568404,0.0051900538036
0.0559269801771,0.0553278140204
0.0584322384895,0.000686241864699
0.00925101044763,0.0267159243651
0.0550557336614,0.00783989816878
0.03889378691,0.0586273738497
0.00967151443718,0.0212949761997
0.0594715066353,0.00186487582019
0.0257712808412,0.000780118926491
0.0124136877094,0.0422466678358
0.0371678845997,0.0249236349138
0.0147846606959,0.0445357795758
0.0422230524144,0.00484191087797
0.0489538299965,0.0418409718704
0.0209089498023,0.0490702807286
0.00577499197308,0.0412359861322
0.0448256076354,0.00219474208874
0.045403260654,0.00799636475678
0.0363970245172,0.0168916224529
0.00622675100335,0.0364981683546
0.0552648978292,0.0176497722251
0.0295495866639,0.0569555073772
0.0271864386739,0.0137352128506
-0.160168384436,-0.033502979459
-0.757014571986,-0.637435683703
0.224676340936,0.164274907186
0.0227055710799,0.00852837885702
0.28292725584,0.237162366424
0.0354853730807,0.0349111127969
0.00452953334459,0.057671196652
0.0121338139304,0.0464537661882
0.0431735419925,0.0596200062395
0.0618927355213,0.0483290467153
0.0157592642814,-0.0123352139702
-0.0924051793311,-0.0140306382281
0.0249857299441,0.0247767739289
0.336139313094,0.237520520552
0.00219580097212,0.0588214540317
0.0233739907084,0.0482316296332
0.325444234241,0.261338862568
0.0168576820586,0.0200794073944
0.079947215363,0.0223289063949
-0.141274915901,-0.177928930941
0.0679794957699,0.0266242913802
0.0242675385105,0.0521797735439
0.0635483767997,0.0265901185959
0.0666145981467,0.0284313974535
0.0174637798575,0.0497555855807
0.343946850971,0.275167584071
